C00570994|99516|17|1|17
C00570994|20007|250|1|250
C00570994|22180|125|1|125
C00570994|22180|125|2|250
C00570994|60091|2500|1|2500
C00384529|20816|500|1|500
C00384529|57103|1000|1|1000
C00384529|22201|500|1|500
C00384529|20002|500|1|500
C00384529|22205|1000|1|1000
C00384529|22301|500|1|500
C00420760|20854|2300|1|2300
C00420760|20854|3650|2|7300
C00420760|20854|2300|3|5000
C00420760|22201|500|2|1000
C00420760|96734|1000|1|1000
C00420760|96816|100|1|100
C00420760|60604|250|1|250
C00420760|31522|-300|1|-300
C00420760|31522|850|2|1700
C00420760|31522|300|3|2000
C00420760|98370|50|1|50
C00420760|23322|50|1|50
C00420760|60657|5400|1|5400
C00420760|60657|1288|2|2575
C00420760|60657|2700|3|5275
C00420760|62025|2700|1|2700
C00420760|60614|2700|1|2700
C00420760|96789|50|1|50
C00420760|96755|100|1|100
C00420760|60602|5400|1|5400
C00420760|60602|1350|2|2700
C00420760|60602|2700|3|5400
C00420760|98121|500|1|500
C00420760|96821|100|1|100
C00420760|96825|250|1|250
C00420760|60304|250|1|250
C00420760|96793|500|1|500
C00420760|60035|25|1|25
C00420760|96753|1000|1|1000
C00420760|90041|500|1|500
C00420760|96822|100|1|100
C00420760|60305|2700|1|2700
C00420760|89135|500|1|500
C00420760|62959|500|1|500
C00420760|63104|1000|1|1000
C00420760|60093|1500|1|1500
C00420760|60654|1000|1|1000
C00420760|75205|1000|1|1000
C00420760|96782|500|1|500
C00420760|62221|1000|1|1000
C00420760|96821|175|2|350
C00420760|33556|1000|1|1000
C00420760|94111|1000|1|1000
C00420760|96815|1000|1|1000
C00420760|96744|25|1|25
C00420760|60654|1000|2|2000
C00420760|60532|2700|1|2700
C00420760|60305|2700|2|5400
C00420760|60610|1000|1|1000
C00420760|60602|2700|4|8100
C00420760|90064|1000|1|1000
C00420760|96708|500|1|500
C00420760|60175|1000|1|1000
C00420760|60603|1000|1|1000
C00420760|60602|2700|5|10800
C00420760|60602|2700|6|11800
C00476317|71753|25|1|25
C00548289|92612|-2700|1|-2700
C00548289|92612|0|2|0
C00548289|10128|500|1|500
C00548289|24060|750|1|750
C00548289|77661|250|1|250
C00548289|90274|500|1|500
C00548289|44118|500|1|500
C00548289|85541|2700|1|2700
C00548289|86351|235|1|235
C00548289|85541|2700|2|5400
C00548289|59422|500|1|500
C00548289|59718|5400|1|5400
C00548289|59718|1350|2|2700
C00548289|59718|2700|3|5400
C00548289|59715|2700|1|2700
C00548289|59718|0|4|2700
C00548289|59718|2700|5|8100
C00548289|59718|0|6|5400
C00548289|59718|2700|7|8100
C00548289|59718|2700|8|13500
C00548289|59718|2700|9|16200
C00548289|59718|2700|10|21600
C00548289|59718|2700|11|18900
C00548289|59718|2700|12|21600
C00548289|28328|500|1|500
C00548289|59718|2700|13|24300
C00548289|59718|2700|14|26600
C00548289|60045|2700|1|2700
C00548289|60045|2700|2|5400
C00548289|77402|-2700|1|-2700
C00548289|59911|250|1|250
C00548289|63376|2700|1|2700
C00548289|77402|1350|2|2700
C00548289|77402|2700|3|5400
C00548289|77402|4050|4|10800
C00548289|77402|2700|5|8100
C00548289|77402|2700|6|10800
C00548289|59911|375|2|750
C00548289|77001|5000|1|5000
C00548289|77001|1350|2|2700
C00548289|59330|750|1|750
C00548289|88345|250|1|250
C00548289|86301|300|1|300
C00548289|60611|2000|1|2000
C00548289|59901|1000|1|1000
C00548289|59353|250|1|250
C00548289|59353|250|2|500
C00548289|59270|2500|1|2500
C00548289|59270|2600|2|5200
C00548289|59270|2700|3|7900
C00548289|59270|2700|4|10600
C00548289|77098|2700|1|2700
C00548289|39503|500|1|500
C00548289|32408|1000|1|1000
C00548289|80209|1000|1|1000
C00548289|44118|500|2|1000
C00548289|59103|2000|1|2000
C00548289|59106|2700|1|2700
C00548289|59937|500|1|500
C00548289|59803|250|1|250
C00548289|59870|500|1|500
C00548289|76063|1000|1|1000
C00548289|59604|1000|1|1000
C00548289|16002|2000|1|2000
C00548289|86301|300|2|600
C00548289|70130|2500|1|2500
C00548289|59911|500|3|5750
C00548289|59911|375|4|3450
C00548289|59911|500|5|5750
C00548289|59911|1400|6|10750
C00548289|59911|500|7|8450
C00548289|59911|1400|8|10750
C00548289|59806|1000|1|1000
C00548289|59829|250|1|250
C00548289|59833|250|1|250
C00548289|59601|250|1|250
C00548289|59218|500|1|500
C00548289|59601|625|2|1250
C00548289|59808|500|1|500
C00548289|59801|250|1|250
C00548289|59840|500|1|500
C00548289|34102|1000|1|1000
C00548289|33408|1000|1|1000
C00548289|59601|500|3|1750
C00548289|59330|500|2|1000
C00548289|59339|250|1|250
C00548289|59339|250|2|500
C00548289|59804|500|1|500
C00548289|06824|1000|1|1000
C00548289|78466|2700|1|2700
C00548289|59270|2700|5|10900
C00548289|78466|4050|2|8100
C00548289|78466|2700|3|5400
C00548289|74119|2000|1|2000
C00548289|59270|2600|6|11400
C00548289|59804|2950|2|5900
C00548289|59804|500|3|3200
C00548289|59804|1600|4|5900
C00548289|92119|250|1|250
C00548289|59604|650|2|1300
C00548289|59624|300|1|300
C00548289|85716|2700|1|2700
C00548289|59405|250|1|250
C00548289|33764|500|1|500
C00548289|75219|250|1|250
C00548289|87122|2700|1|2700
C00548289|77001|2300|3|5000
C00548289|08530|2700|1|2700
C00548289|20854|2400|4|7500
C00548289|59911|500|9|11250
C00548289|60062|1000|1|1000
C00548289|59901|1000|2|2000
C00548289|77001|3650|4|10000
C00548289|77001|2300|5|7700
C00548289|77001|2300|6|10000
C00329896|48103|10|1|10
C00329896|87106|8|1|8
C00329896|87507|10|1|10
C00329896|87505|69|1|69
C00329896|87301|41|1|41
C00329896|87043|10|1|10
C00329896|87124|10|1|10
C00329896|87505|40|2|79
C00329896|87104|42|1|42
C00329896|87501|85|1|85
C00329896|87107|10|1|10
C00329896|87105|10|1|10
C00329896|87544|10|1|10
C00329896|87505|10|3|89
C00329896|87301|41|2|82
C00329896|87123|10|1|10
C00329896|87501|55|2|110
C00329896|87102|5|1|5
C00329896|87507|85|2|170
C00329896|87501|25|3|109
C00329896|87501|13|4|110
C00329896|87505|10|4|99
C00329896|87144|100|1|100
C00329896|87048|10|1|10
C00329896|87114|8|1|8
C00329896|74702|1000|1|1000
C00329896|11372|10|1|10
C00329896|87112|50|1|50
C00329896|87106|7|2|13
C00329896|87301|41|3|132
C00329896|87901|25|1|25
C00329896|74820|1000|1|1000
C00329896|88011|10|1|10
C00329896|87114|12|2|23
C00329896|87114|10|3|33
C00329896|87114|9|4|38
C00329896|87108|10|1|10
C00329896|87112|75|2|150
C00329896|92059|2700|1|2700
C00196774|01923|1000|1|1000
C00196774|02445|500|1|500
C00196774|02043|1000|1|1000
C00196774|02561|10|1|10
C00196774|02453|500|1|500
C00196774|01096|10|1|10
C00196774|20190|500|1|500
C00196774|02452|500|1|500
C00196774|01742|100|1|100
C00196774|02113|1000|1|1000
